MOOSTimeWarp = $(WARP)

LatOrigin  = 25.075762
LongOrigin = 121.544691

